,all_accuracy,exactly_half_BA_accuracy,global_step,loss,most_BA_accuracy,most_not_BA_accuracy,not_only_accuracy,only_accuracy,total_accuracy
0,0.13325990736484528,0.18153434991836548,1,0.7113667130470276,0.5069807767868042,0.41900452971458435,0.49778369069099426,0.3130044937133789,0.31216666102409363
1,0.8207048177719116,0.22256913781166077,51,0.6888406872749329,0.5780977606773376,0.4099547564983368,0.1427304893732071,0.8544843196868896,0.5882777571678162
2,0.933700442314148,0.6877787709236145,101,0.6698565483093262,0.5946771502494812,0.4135746657848358,0.06471630930900574,0.9347533583641052,0.6873888969421387
3,0.933920681476593,0.8095450401306152,151,0.6555883288383484,0.595986008644104,0.42760181427001953,0.06338652223348618,0.931614339351654,0.7035555839538574
4,0.933920681476593,0.8180196285247803,201,0.6405718326568604,0.595986008644104,0.44524887204170227,0.06382978707551956,0.931614339351654,0.7068333625793457
5,0.933920681476593,0.8184656500816345,251,0.6271775960922241,0.595986008644104,0.46199095249176025,0.06382978707551956,0.931614339351654,0.7089444398880005
6,0.933920681476593,0.8184656500816345,301,0.6092821955680847,0.595986008644104,0.4778280556201935,0.06826241314411163,0.931614339351654,0.7114444375038147
7,0.933920681476593,0.8184656500816345,351,0.5856113433837891,0.595986008644104,0.537104070186615,0.06515957415103912,0.931614339351654,0.7183333039283752
8,0.933920681476593,0.8184656500816345,401,0.5621957182884216,0.595986008644104,0.5524886846542358,0.11524822562932968,0.931614339351654,0.7264999747276306
9,0.933920681476593,0.8184656500816345,451,0.5364757180213928,0.595986008644104,0.5606334805488586,0.32446807622909546,0.931614339351654,0.7537222504615784
10,0.933920681476593,0.8184656500816345,501,0.5122354626655579,0.595986008644104,0.5669683218002319,0.6755319237709045,0.931614339351654,0.7985000014305115
11,0.933920681476593,0.8184656500816345,551,0.4860365688800812,0.595986008644104,0.5710407495498657,0.7890070676803589,0.931614339351654,0.8132222294807434
12,0.933920681476593,0.8184656500816345,601,0.46594923734664917,0.595986008644104,0.5710407495498657,0.8608155846595764,0.931614339351654,0.8222222328186035
13,0.933920681476593,0.8184656500816345,651,0.44084906578063965,0.595986008644104,0.570588231086731,0.896276593208313,0.931614339351654,0.8266111016273499
14,0.933920681476593,0.8184656500816345,701,0.4264972507953644,0.595986008644104,0.570135772228241,0.9135638475418091,0.931614339351654,0.8287222385406494
15,0.933920681476593,0.8184656500816345,751,0.41446536779403687,0.595986008644104,0.5723981857299805,0.9233155846595764,0.931614339351654,0.8302222490310669
16,0.933920681476593,0.8184656500816345,801,0.4054111838340759,0.595986008644104,0.570135772228241,0.9308510422706604,0.931614339351654,0.8308888673782349
17,0.933920681476593,0.8184656500816345,851,0.3972943127155304,0.595986008644104,0.5714932084083557,0.9348404407501221,0.931614339351654,0.8315555453300476
18,0.933920681476593,0.8184656500816345,901,0.39249756932258606,0.5929319262504578,0.5696832537651062,0.9343971610069275,0.931614339351654,0.8308888673782349
19,0.933920681476593,0.8184656500816345,951,0.38877254724502563,0.595986008644104,0.570135772228241,0.9343971610069275,0.931614339351654,0.831333339214325
20,0.933920681476593,0.8184656500816345,1001,0.3846922218799591,0.5955497622489929,0.5728507041931152,0.9343971610069275,0.931614339351654,0.8316110968589783
21,0.933920681476593,0.8184656500816345,1051,0.3840772807598114,0.5815881490707397,0.5674208402633667,0.9366135001182556,0.931614339351654,0.8294444680213928
22,0.933920681476593,0.8184656500816345,1101,0.38175415992736816,0.5859511494636536,0.5656108856201172,0.9366135001182556,0.931614339351654,0.8297777771949768
23,0.933920681476593,0.8184656500816345,1151,0.37878313660621643,0.5872600078582764,0.5651583671569824,0.9366135001182556,0.931614339351654,0.8298888802528381
24,0.933920681476593,0.8184656500816345,1201,0.37625280022621155,0.5955497622489929,0.5696832537651062,0.9366135001182556,0.931614339351654,0.8314999938011169
25,0.933920681476593,0.8184656500816345,1251,0.374085009098053,0.595986008644104,0.570588231086731,0.9366135001182556,0.931614339351654,0.8316666483879089
26,0.933920681476593,0.8184656500816345,1301,0.3732720911502838,0.595986008644104,0.5728507041931152,0.9366135001182556,0.931614339351654,0.831944465637207
27,0.933920681476593,0.8184656500816345,1351,0.37378373742103577,0.595986008644104,0.5728507041931152,0.9366135001182556,0.931614339351654,0.831944465637207
28,0.933920681476593,0.8184656500816345,1401,0.37082645297050476,0.5955497622489929,0.5719457268714905,0.936170220375061,0.931614339351654,0.8317221999168396
29,0.933920681476593,0.8184656500816345,1451,0.3688436448574066,0.599040150642395,0.5710407495498657,0.9366135001182556,0.931614339351654,0.832111120223999
30,0.933920681476593,0.8184656500816345,1501,0.3686330020427704,0.613438069820404,0.5633484125137329,0.9366135001182556,0.931614339351654,0.8330000042915344
31,0.933920681476593,0.8184656500816345,1551,0.3691067099571228,0.6064572334289551,0.5484163165092468,0.9366135001182556,0.931614339351654,0.8302778005599976
32,0.933920681476593,0.8184656500816345,1601,0.3660544157028198,0.6199825406074524,0.5687782764434814,0.9366135001182556,0.931614339351654,0.8345000147819519
33,0.933920681476593,0.8184656500816345,1651,0.3654714524745941,0.6095113158226013,0.5714932084083557,0.9366135001182556,0.931614339351654,0.8335000276565552
34,0.933920681476593,0.8184656500816345,1701,0.3647180199623108,0.5964223146438599,0.570135772228241,0.9366135001182556,0.931614339351654,0.8316666483879089
35,0.933920681476593,0.8184656500816345,1751,0.3644382357597351,0.6116928458213806,0.5683258175849915,0.936170220375061,0.931614339351654,0.8333333134651184
36,0.933920681476593,0.8184656500816345,1801,0.36392101645469666,0.5972949266433716,0.5638009309768677,0.936170220375061,0.931614339351654,0.8309444189071655
37,0.933920681476593,0.8184656500816345,1851,0.3629467487335205,0.6038394570350647,0.5696832537651062,0.936170220375061,0.931614339351654,0.8324999809265137
38,0.933920681476593,0.8184656500816345,1901,0.3635399341583252,0.6343804597854614,0.5619909763336182,0.936170220375061,0.931614339351654,0.835444450378418
39,0.933920681476593,0.8184656500816345,1951,0.36128145456314087,0.6378708481788635,0.5683258175849915,0.936170220375061,0.931614339351654,0.8366666436195374
40,0.933920681476593,0.8184656500816345,2001,0.3604249358177185,0.6391797661781311,0.5683258175849915,0.936170220375061,0.931614339351654,0.8368333578109741
41,0.933920681476593,0.8184656500816345,2051,0.3597550392150879,0.6409249305725098,0.5723981857299805,0.936170220375061,0.931614339351654,0.8375555276870728
42,0.933920681476593,0.8184656500816345,2101,0.3591640889644623,0.632635235786438,0.57420814037323,0.936170220375061,0.931614339351654,0.836722195148468
43,0.933920681476593,0.8184656500816345,2151,0.3596254289150238,0.6623036861419678,0.5728507041931152,0.936170220375061,0.931614339351654,0.8403333425521851
44,0.933920681476593,0.8184656500816345,2201,0.3600836992263794,0.6099476218223572,0.5728507041931152,0.936170220375061,0.931614339351654,0.8336666822433472
45,0.933920681476593,0.8184656500816345,2251,0.3583963215351105,0.6841186881065369,0.5733031630516052,0.936170220375061,0.931614339351654,0.8431666493415833
46,0.933920681476593,0.8184656500816345,2301,0.35754963755607605,0.6422338485717773,0.5728507041931152,0.936170220375061,0.931614339351654,0.8377777934074402
47,0.933920681476593,0.8184656500816345,2351,0.3562316596508026,0.6186736226081848,0.57420814037323,0.936170220375061,0.931614339351654,0.8349444270133972
48,0.933920681476593,0.8184656500816345,2401,0.3562881350517273,0.6086387634277344,0.5728507041931152,0.936170220375061,0.931614339351654,0.8335000276565552
49,0.933920681476593,0.8184656500816345,2451,0.3553389012813568,0.6121291518211365,0.57375568151474,0.936170220375061,0.931614339351654,0.8340555429458618
50,0.933920681476593,0.8184656500816345,2501,0.354194313287735,0.6260907649993896,0.5719457268714905,0.936170220375061,0.931614339351654,0.83561110496521
51,0.933920681476593,0.8184656500816345,2551,0.35421788692474365,0.6273996233940125,0.5746606588363647,0.936170220375061,0.931614339351654,0.8361111283302307
52,0.933920681476593,0.8184656500816345,2601,0.35591018199920654,0.602966845035553,0.5728507041931152,0.936170220375061,0.931614339351654,0.8327777981758118
53,0.933920681476593,0.8184656500816345,2651,0.353702187538147,0.617364764213562,0.57420814037323,0.936170220375061,0.931614339351654,0.8347777724266052
54,0.933920681476593,0.8184656500816345,2701,0.35220980644226074,0.6701570749282837,0.5723981857299805,0.936170220375061,0.931614339351654,0.8412777781486511
55,0.933920681476593,0.8184656500816345,2751,0.3523769974708557,0.6976439952850342,0.5723981857299805,0.936170220375061,0.931614339351654,0.8447777628898621
56,0.933920681476593,0.8184656500816345,2801,0.3519585132598877,0.636561930179596,0.5751131176948547,0.936170220375061,0.931614339351654,0.8373333215713501
57,0.933920681476593,0.8184656500816345,2851,0.3515293598175049,0.7238219976425171,0.5647059082984924,0.936170220375061,0.931614339351654,0.8471666574478149
58,0.933920681476593,0.8184656500816345,2901,0.3508022129535675,0.7177137732505798,0.57420814037323,0.936170220375061,0.931614339351654,0.8475555777549744
59,0.933920681476593,0.8184656500816345,2951,0.35038042068481445,0.6985166072845459,0.5764706134796143,0.936170220375061,0.931614339351654,0.8453888893127441
60,0.933920681476593,0.8184656500816345,3001,0.3502374589443207,0.6496509313583374,0.5769230723381042,0.936170220375061,0.931614339351654,0.8392221927642822
61,0.933920681476593,0.8184656500816345,3051,0.34913328289985657,0.6806282997131348,0.5755656361579895,0.936170220375061,0.931614339351654,0.8429999947547913
62,0.933920681476593,0.8184656500816345,3101,0.3483595848083496,0.7111693024635315,0.577828049659729,0.936170220375061,0.931614339351654,0.8471666574478149
63,0.933920681476593,0.8184656500816345,3151,0.34750327467918396,0.7120419144630432,0.577828049659729,0.936170220375061,0.931614339351654,0.8472777605056763
64,0.933920681476593,0.8184656500816345,3201,0.3472253084182739,0.6941536068916321,0.5823529362678528,0.936170220375061,0.931614339351654,0.8455555438995361
65,0.933920681476593,0.8184656500816345,3251,0.35444995760917664,0.6884816884994507,0.5583710670471191,0.936170220375061,0.931614339351654,0.8418889045715332
66,0.933920681476593,0.8184656500816345,3301,0.3466305136680603,0.731675386428833,0.5837104320526123,0.936170220375061,0.931614339351654,0.8504999876022339
67,0.933920681476593,0.8184656500816345,3351,0.3464491367340088,0.713350772857666,0.581447958946228,0.936170220375061,0.931614339351654,0.8478888869285583
68,0.933920681476593,0.8184656500816345,3401,0.3461267054080963,0.6849913001060486,0.5855203866958618,0.936170220375061,0.931614339351654,0.8447777628898621
69,0.933920681476593,0.8184656500816345,3451,0.34562140703201294,0.7212041616439819,0.5764706134796143,0.936170220375061,0.931614339351654,0.8482778072357178
70,0.933920681476593,0.8184656500816345,3501,0.34609130024909973,0.7225130796432495,0.57420814037323,0.936170220375061,0.931614339351654,0.8481666445732117
71,0.933920681476593,0.8184656500816345,3551,0.3453628122806549,0.7382199168205261,0.5760180950164795,0.936170220375061,0.931614339351654,0.8503888845443726
72,0.933920681476593,0.8184656500816345,3601,0.34428080916404724,0.7360383868217468,0.5873303413391113,0.936170220375061,0.931614339351654,0.8514999747276306
73,0.933920681476593,0.8184656500816345,3651,0.3438231348991394,0.7443280816078186,0.5828054547309875,0.936170220375061,0.931614339351654,0.8519999980926514
74,0.933920681476593,0.8184656500816345,3701,0.344330757856369,0.6832460761070251,0.585067868232727,0.936170220375061,0.931614339351654,0.8445000052452087
75,0.933920681476593,0.8184656500816345,3751,0.3444572389125824,0.7504363059997559,0.580995500087738,0.936170220375061,0.931614339351654,0.8525555729866028
76,0.933920681476593,0.8184656500816345,3801,0.3429470360279083,0.7521815299987793,0.5864253640174866,0.936170220375061,0.931614339351654,0.8534444570541382
77,0.933920681476593,0.8184656500816345,3851,0.3425161838531494,0.7137870788574219,0.5877828001976013,0.936170220375061,0.931614339351654,0.8487222194671631
78,0.933920681476593,0.8184656500816345,3901,0.34210124611854553,0.7181500792503357,0.5868778228759766,0.936170220375061,0.931614339351654,0.8491666913032532
79,0.933920681476593,0.8184656500816345,3951,0.3412601053714752,0.75,0.5932126641273499,0.936170220375061,0.931614339351654,0.8539999723434448
80,0.933920681476593,0.8184656500816345,4001,0.34310635924339294,0.676265299320221,0.5968325734138489,0.936170220375061,0.931614339351654,0.8450555801391602
81,0.933920681476593,0.8184656500816345,4051,0.3416743278503418,0.7595986127853394,0.5959275960922241,0.936170220375061,0.931614339351654,0.855555534362793
82,0.933920681476593,0.8184656500816345,4101,0.34022262692451477,0.7534903883934021,0.5932126641273499,0.936170220375061,0.931614339351654,0.8544444441795349
83,0.933920681476593,0.8184656500816345,4151,0.33951735496520996,0.7347294688224792,0.5932126641273499,0.9366135001182556,0.931614339351654,0.8521111011505127
84,0.933920681476593,0.8184656500816345,4201,0.33868521451950073,0.7482547760009766,0.5963801145553589,0.9366135001182556,0.931614339351654,0.8542222380638123
85,0.933920681476593,0.8184656500816345,4251,0.3385344445705414,0.7373473048210144,0.6004524827003479,0.9366135001182556,0.931614339351654,0.8533333539962769
86,0.933920681476593,0.8184656500816345,4301,0.33846235275268555,0.7382199168205261,0.6031674146652222,0.9366135001182556,0.931614339351654,0.8537777662277222
87,0.933920681476593,0.8184656500816345,4351,0.3380945324897766,0.7478184700012207,0.6040723919868469,0.9366135001182556,0.931614339351654,0.8551111221313477
88,0.933920681476593,0.8184656500816345,4401,0.3398832082748413,0.7582896947860718,0.6054298877716064,0.9366135001182556,0.931614339351654,0.8566111326217651
89,0.933920681476593,0.8184656500816345,4451,0.3396783471107483,0.7561082243919373,0.5990950465202332,0.9366135001182556,0.931614339351654,0.855555534362793
90,0.933920681476593,0.8184656500816345,4501,0.3381413221359253,0.7587260007858276,0.6049773693084717,0.9366135001182556,0.931614339351654,0.8566111326217651
91,0.933920681476593,0.8184656500816345,4551,0.3384443521499634,0.7670156955718994,0.5990950465202332,0.9366135001182556,0.931614339351654,0.8569444417953491
92,0.933920681476593,0.8184656500816345,4601,0.33733421564102173,0.7718150019645691,0.5990950465202332,0.936170220375061,0.931614339351654,0.8575000166893005
93,0.933920681476593,0.8184656500816345,4651,0.3386242687702179,0.7801046967506409,0.5963801145553589,0.936170220375061,0.931614339351654,0.858222246170044
94,0.933920681476593,0.8184656500816345,4701,0.33625200390815735,0.7696335315704346,0.5990950465202332,0.936170220375061,0.931614339351654,0.8572221994400024
95,0.933920681476593,0.8184656500816345,4751,0.335248202085495,0.7591623067855835,0.6131221652030945,0.9366135001182556,0.931614339351654,0.8576666712760925
96,0.933920681476593,0.8184656500816345,4801,0.3350350856781006,0.7556719183921814,0.618099570274353,0.936170220375061,0.931614339351654,0.8577777743339539
97,0.933920681476593,0.8184656500816345,4851,0.33537232875823975,0.7377836108207703,0.6153846383094788,0.936170220375061,0.931614339351654,0.8551666736602783
98,0.933920681476593,0.8184656500816345,4901,0.3361433744430542,0.7700698375701904,0.6049773693084717,0.936170220375061,0.931614339351654,0.8579999804496765
99,0.933920681476593,0.8184656500816345,4951,0.3342975080013275,0.7670156955718994,0.6081448197364807,0.936170220375061,0.931614339351654,0.8579999804496765
100,0.933920681476593,0.8184656500816345,5001,0.3368918001651764,0.7089877724647522,0.6153846383094788,0.9366135001182556,0.931614339351654,0.8515555262565613
101,0.933920681476593,0.8184656500816345,5051,0.3346875011920929,0.7513089179992676,0.6009050011634827,0.9366135001182556,0.931614339351654,0.8551666736602783
102,0.933920681476593,0.8184656500816345,5101,0.33287256956100464,0.7578533887863159,0.6190045475959778,0.9366135001182556,0.931614339351654,0.858222246170044
103,0.933920681476593,0.8184656500816345,5151,0.3348182439804077,0.7718150019645691,0.6176470518112183,0.9366135001182556,0.931614339351654,0.8598333597183228
104,0.933920681476593,0.8184656500816345,5201,0.33548256754875183,0.727748692035675,0.5968325734138489,0.9366135001182556,0.931614339351654,0.8516666889190674
105,0.933920681476593,0.8184656500816345,5251,0.33245113492012024,0.7604712247848511,0.6162896156311035,0.9366135001182556,0.931614339351654,0.858222246170044
106,0.933920681476593,0.8184656500816345,5301,0.3351496160030365,0.7696335315704346,0.6122171878814697,0.9366135001182556,0.931614339351654,0.8588888645172119
107,0.933920681476593,0.8184656500816345,5351,0.3312438130378723,0.7805410027503967,0.6298642754554749,0.9366135001182556,0.931614339351654,0.8624444603919983
108,0.933920681476593,0.8184656500816345,5401,0.33526989817619324,0.772251307964325,0.6298642754554749,0.936170220375061,0.931614339351654,0.8613333106040955
109,0.933920681476593,0.8184656500816345,5451,0.33069664239883423,0.764397919178009,0.6352941393852234,0.9366135001182556,0.931614339351654,0.8610555529594421
110,0.933920681476593,0.8184656500816345,5501,0.3302633762359619,0.7844676971435547,0.6334841847419739,0.936170220375061,0.931614339351654,0.8633333444595337
111,0.933920681476593,0.8184656500816345,5551,0.33036306500434875,0.7862129211425781,0.6384615302085876,0.9366135001182556,0.931614339351654,0.8642222285270691
112,0.933920681476593,0.8184656500816345,5601,0.33097541332244873,0.7465096116065979,0.6235294342041016,0.9366135001182556,0.931614339351654,0.8573333621025085
113,0.933920681476593,0.8184656500816345,5651,0.3303903043270111,0.783595085144043,0.6434389352798462,0.9366135001182556,0.931614339351654,0.8644999861717224
114,0.933920681476593,0.8184656500816345,5701,0.33155766129493713,0.7382199168205261,0.618552029132843,0.9366135001182556,0.931614339351654,0.8556666374206543
115,0.933920681476593,0.8184656500816345,5751,0.32898616790771484,0.7801046967506409,0.6371040940284729,0.9366135001182556,0.931614339351654,0.863277792930603
116,0.933920681476593,0.8184656500816345,5801,0.3293030560016632,0.7849040031433105,0.64796382188797,0.9366135001182556,0.931614339351654,0.8652222156524658
117,0.933920681476593,0.8184656500816345,5851,0.3282814621925354,0.7875218391418457,0.64841628074646,0.9366135001182556,0.931614339351654,0.8656111359596252
118,0.933920681476593,0.8184656500816345,5901,0.33067587018013,0.7814136147499084,0.6434389352798462,0.9366135001182556,0.931614339351654,0.8642222285270691
119,0.933920681476593,0.8184656500816345,5951,0.32928499579429626,0.7814136147499084,0.6538461446762085,0.9366135001182556,0.931614339351654,0.8654999732971191
120,0.933920681476593,0.8184656500816345,6001,0.32864952087402344,0.7478184700012207,0.6343891620635986,0.9366135001182556,0.931614339351654,0.8588333129882812
121,0.933920681476593,0.8184656500816345,6051,0.3265351355075836,0.7665793895721436,0.6542986631393433,0.9366135001182556,0.931614339351654,0.8636666536331177
122,0.933920681476593,0.8184656500816345,6101,0.32657498121261597,0.7587260007858276,0.6542986631393433,0.9366135001182556,0.931614339351654,0.862666666507721
123,0.933920681476593,0.8184656500816345,6151,0.3266134262084961,0.782722532749176,0.6470588445663452,0.9366135001182556,0.931614339351654,0.8648333549499512
124,0.933920681476593,0.8184656500816345,6201,0.32658252120018005,0.7787958383560181,0.6294117569923401,0.9366135001182556,0.931614339351654,0.8621666431427002
125,0.933920681476593,0.8184656500816345,6251,0.3253686726093292,0.775741696357727,0.6570135951042175,0.9366135001182556,0.931614339351654,0.8651666641235352
126,0.933920681476593,0.8184656500816345,6301,0.3271706998348236,0.7870855331420898,0.6714932322502136,0.9366135001182556,0.931614339351654,0.8683888912200928
127,0.933920681476593,0.8184656500816345,6351,0.32453417778015137,0.7892670035362244,0.6638008952140808,0.9366135001182556,0.931614339351654,0.86772221326828
128,0.933920681476593,0.8184656500816345,6401,0.3246174156665802,0.7657067775726318,0.6674208045005798,0.9366135001182556,0.931614339351654,0.8651666641235352
129,0.933920681476593,0.8184656500816345,6451,0.32379475235939026,0.7792320847511292,0.6660633683204651,0.9366135001182556,0.931614339351654,0.8667222261428833
130,0.933920681476593,0.8184656500816345,6501,0.32400771975517273,0.7883943915367126,0.6791855096817017,0.9366135001182556,0.931614339351654,0.8694999814033508
131,0.933920681476593,0.8184656500816345,6551,0.3240521550178528,0.7726876139640808,0.655656099319458,0.9366135001182556,0.931614339351654,0.8646110892295837
132,0.933920681476593,0.8184656500816345,6601,0.3259269595146179,0.7822862267494202,0.6714932322502136,0.9366135001182556,0.931614339351654,0.8677777647972107
133,0.933920681476593,0.8184656500816345,6651,0.32313960790634155,0.7678883075714111,0.6633484363555908,0.9366135001182556,0.931614339351654,0.8649444580078125
134,0.933920681476593,0.8184656500816345,6701,0.32290366291999817,0.775741696357727,0.662895917892456,0.9366135001182556,0.931614339351654,0.8658888936042786
135,0.933920681476593,0.8184656500816345,6751,0.32275739312171936,0.7691972255706787,0.6633484363555908,0.9366135001182556,0.931614339351654,0.8651111125946045
136,0.933920681476593,0.8184656500816345,6801,0.3221174478530884,0.779668390750885,0.6809954643249512,0.9366135001182556,0.931614339351654,0.8686110973358154
137,0.933920681476593,0.8184656500816345,6851,0.3216356337070465,0.7735602259635925,0.6755656003952026,0.9366135001182556,0.931614339351654,0.8671666383743286
138,0.933920681476593,0.8184656500816345,6901,0.32132428884506226,0.7814136147499084,0.6742081642150879,0.9366135001182556,0.931614339351654,0.8679999709129333
139,0.933920681476593,0.8184656500816345,6951,0.3260915279388428,0.772251307964325,0.6882352828979492,0.9366135001182556,0.931614339351654,0.8685555458068848
140,0.933920681476593,0.8184656500816345,7001,0.3202193081378937,0.7892670035362244,0.6950226426124573,0.9366135001182556,0.931614339351654,0.8715555667877197
141,0.933920681476593,0.8184656500816345,7051,0.3307185769081116,0.7534903883934021,0.7022624611854553,0.9366135001182556,0.931614339351654,0.867888867855072
142,0.933920681476593,0.8184656500816345,7101,0.3240971267223358,0.782722532749176,0.699547529220581,0.9366135001182556,0.931614339351654,0.8712777495384216
143,0.933920681476593,0.8184656500816345,7151,0.32250213623046875,0.7875218391418457,0.6837103962898254,0.9366135001182556,0.931614339351654,0.8699444532394409
144,0.933920681476593,0.8184656500816345,7201,0.3195512592792511,0.7883943915367126,0.6819004416465759,0.9366135001182556,0.931614339351654,0.8698333501815796
145,0.933920681476593,0.8184656500816345,7251,0.3187725841999054,0.772251307964325,0.7036198973655701,0.9366135001182556,0.931614339351654,0.8704444169998169
146,0.933920681476593,0.8184656500816345,7301,0.3181741535663605,0.782722532749176,0.7054298520088196,0.9366135001182556,0.931614339351654,0.871999979019165
147,0.933920681476593,0.8184656500816345,7351,0.3248794972896576,0.7238219976425171,0.6669683456420898,0.9366135001182556,0.931614339351654,0.8597777485847473
148,0.933920681476593,0.8184656500816345,7401,0.3198031783103943,0.7931936979293823,0.6954751014709473,0.9366135001182556,0.931614339351654,0.8721110820770264
149,0.933920681476593,0.8184656500816345,7451,0.31780898571014404,0.7779232263565063,0.7076923251152039,0.9366135001182556,0.931614339351654,0.871666669845581
150,0.933920681476593,0.8184656500816345,7501,0.31864145398139954,0.794066309928894,0.7036198973655701,0.9366135001182556,0.931614339351654,0.8732222318649292
151,0.933920681476593,0.8184656500816345,7551,0.3186430335044861,0.7705060839653015,0.6823529601097107,0.9366135001182556,0.931614339351654,0.8676111102104187
152,0.933920681476593,0.8184656500816345,7601,0.3194429874420166,0.7630890011787415,0.6764705777168274,0.9366135001182556,0.931614339351654,0.8659444451332092
153,0.933920681476593,0.8184656500816345,7651,0.3177051544189453,0.7888306975364685,0.6846153736114502,0.9366135001182556,0.931614339351654,0.8702222108840942
154,0.933920681476593,0.8184656500816345,7701,0.31605347990989685,0.7927573919296265,0.7162895798683167,0.9366135001182556,0.931614339351654,0.8746111392974854
155,0.933920681476593,0.8184656500816345,7751,0.317386269569397,0.7927573919296265,0.6954751014709473,0.9366135001182556,0.931614339351654,0.8720555305480957
156,0.933920681476593,0.8184656500816345,7801,0.31578555703163147,0.7726876139640808,0.7090497612953186,0.9366135001182556,0.931614339351654,0.8711666464805603
157,0.933920681476593,0.8184656500816345,7851,0.31518715620040894,0.7753053903579712,0.7180995345115662,0.9366135001182556,0.931614339351654,0.8726111054420471
158,0.933920681476593,0.8184656500816345,7901,0.3185734748840332,0.783595085144043,0.7199094891548157,0.9366135001182556,0.931614339351654,0.8738889098167419
159,0.933920681476593,0.8184656500816345,7951,0.3158228099346161,0.7779232263565063,0.6882352828979492,0.9366135001182556,0.931614339351654,0.8692777752876282
160,0.933920681476593,0.8184656500816345,8001,0.3158164620399475,0.7547993063926697,0.7180995345115662,0.9366135001182556,0.931614339351654,0.8700000047683716
161,0.933920681476593,0.8184656500816345,8051,0.3170832395553589,0.7840313911437988,0.7276018261909485,0.9366135001182556,0.931614339351654,0.8748888969421387
162,0.933920681476593,0.8184656500816345,8101,0.3145125210285187,0.7635253071784973,0.7208144664764404,0.9366135001182556,0.931614339351654,0.8714444637298584
163,0.933920681476593,0.8184656500816345,8151,0.3148173689842224,0.7574170827865601,0.7221719622612,0.9366135001182556,0.931614339351654,0.8708333373069763
164,0.933920681476593,0.8184656500816345,8201,0.3229868710041046,0.7582896947860718,0.7244343757629395,0.9366135001182556,0.931614339351654,0.871222198009491
165,0.933920681476593,0.8184656500816345,8251,0.31775861978530884,0.7822862267494202,0.7203620076179504,0.9366135001182556,0.931614339351654,0.8737778067588806
166,0.933920681476593,0.8184656500816345,8301,0.31315040588378906,0.7739965319633484,0.726244330406189,0.9366135001182556,0.931614339351654,0.8734444379806519
167,0.933920681476593,0.8184656500816345,8351,0.3135935366153717,0.7809773087501526,0.7099547386169434,0.9366135001182556,0.931614339351654,0.8723333477973938
168,0.933920681476593,0.8184656500816345,8401,0.3127959370613098,0.7910122275352478,0.7212669849395752,0.9366135001182556,0.931614339351654,0.875
169,0.933920681476593,0.8184656500816345,8451,0.31289201974868774,0.7905759215354919,0.7348416447639465,0.9366135001182556,0.931614339351654,0.8766111135482788
170,0.933920681476593,0.8184656500816345,8501,0.31165018677711487,0.783595085144043,0.7339366674423218,0.9366135001182556,0.931614339351654,0.8756111264228821
171,0.933920681476593,0.8184656500816345,8551,0.31506913900375366,0.7849040031433105,0.7398189902305603,0.9366135001182556,0.931614339351654,0.8765000104904175
172,0.933920681476593,0.8184656500816345,8601,0.31322887539863586,0.7849040031433105,0.7380090355873108,0.9366135001182556,0.931614339351654,0.8762778043746948
173,0.933920681476593,0.8184656500816345,8651,0.3136215806007385,0.761343777179718,0.7149321436882019,0.9366135001182556,0.931614339351654,0.8704444169998169
174,0.933920681476593,0.8184656500816345,8701,0.3109441101551056,0.7918848395347595,0.7425339221954346,0.9366135001182556,0.931614339351654,0.8777222037315369
175,0.933920681476593,0.8184656500816345,8751,0.31218963861465454,0.7713786959648132,0.7466063499450684,0.9366135001182556,0.931614339351654,0.8756111264228821
176,0.933920681476593,0.8184656500816345,8801,0.311300128698349,0.7862129211425781,0.7339366674423218,0.9366135001182556,0.931614339351654,0.8759444355964661
177,0.933920681476593,0.8184656500816345,8851,0.31136059761047363,0.7936300039291382,0.7190045118331909,0.9366135001182556,0.931614339351654,0.8750555515289307
178,0.933920681476593,0.8184656500816345,8901,0.3107634484767914,0.7927573919296265,0.7271493077278137,0.9366135001182556,0.931614339351654,0.8759444355964661
179,0.933920681476593,0.8184656500816345,8951,0.3173638582229614,0.7731239199638367,0.7497737407684326,0.9366135001182556,0.931614339351654,0.8762221932411194
180,0.933920681476593,0.8184656500816345,9001,0.309630423784256,0.8045375347137451,0.7520362138748169,0.9366135001182556,0.931614339351654,0.8805000185966492
181,0.933920681476593,0.8184656500816345,9051,0.3160436451435089,0.7753053903579712,0.7547511458396912,0.9366135001182556,0.931614339351654,0.8771111369132996
182,0.933920681476593,0.8184656500816345,9101,0.3090820908546448,0.7945026159286499,0.7316741943359375,0.9366135001182556,0.931614339351654,0.8767222166061401
183,0.933920681476593,0.8184656500816345,9151,0.3108791410923004,0.7744328379631042,0.7099547386169434,0.9366135001182556,0.931614339351654,0.8715000152587891
184,0.933920681476593,0.8184656500816345,9201,0.30821147561073303,0.7953752279281616,0.7429864406585693,0.9366135001182556,0.931614339351654,0.8782222270965576
185,0.933920681476593,0.8184656500816345,9251,0.3083602786064148,0.7923211455345154,0.7547511458396912,0.9366135001182556,0.931614339351654,0.879277765750885
186,0.933920681476593,0.8184656500816345,9301,0.3072272539138794,0.7988656163215637,0.7624434232711792,0.9366135001182556,0.931614339351654,0.8810555338859558
187,0.933920681476593,0.8184656500816345,9351,0.30699360370635986,0.7945026159286499,0.7547511458396912,0.9366135001182556,0.931614339351654,0.8795555830001831
188,0.933920681476593,0.8184656500816345,9401,0.3069021999835968,0.8067190051078796,0.7656108736991882,0.9366135001182556,0.931614339351654,0.882444441318512
189,0.933920681476593,0.8184656500816345,9451,0.30936574935913086,0.7914485335350037,0.7696832418441772,0.9366135001182556,0.931614339351654,0.8809999823570251
190,0.933920681476593,0.8184656500816345,9501,0.3083491921424866,0.7936300039291382,0.7710407376289368,0.9366135001182556,0.931614339351654,0.8814444541931152
191,0.933920681476593,0.8184656500816345,9551,0.30541449785232544,0.8006108403205872,0.7552036046981812,0.9366135001182556,0.931614339351654,0.8803889155387878
192,0.933920681476593,0.8184656500816345,9601,0.30498817563056946,0.7966841459274292,0.7570135593414307,0.9366135001182556,0.931614339351654,0.8801110982894897
193,0.933920681476593,0.8184656500816345,9651,0.3049672544002533,0.7905759215354919,0.7524886727333069,0.9366135001182556,0.931614339351654,0.878777801990509
194,0.933920681476593,0.8184656500816345,9701,0.3048502504825592,0.8014833927154541,0.7588235139846802,0.9366135001182556,0.931614339351654,0.8809444308280945
195,0.933920681476593,0.8184656500816345,9751,0.3042699098587036,0.797993004322052,0.7610859870910645,0.9366135001182556,0.931614339351654,0.8807777762413025
196,0.933920681476593,0.8184656500816345,9801,0.3064950108528137,0.7945026159286499,0.7524886727333069,0.9366135001182556,0.931614339351654,0.879277765750885
197,0.933920681476593,0.8184656500816345,9851,0.3065786361694336,0.7674520015716553,0.7384615540504456,0.9366135001182556,0.931614339351654,0.8741111159324646
198,0.933920681476593,0.8184656500816345,9901,0.3068455159664154,0.7718150019645691,0.7271493077278137,0.9366135001182556,0.931614339351654,0.8732777833938599
199,0.933920681476593,0.8184656500816345,9951,0.3042632043361664,0.782722532749176,0.7533936500549316,0.9366135001182556,0.931614339351654,0.8778889179229736
200,0.933920681476593,0.8184656500816345,10001,0.3038955330848694,0.783595085144043,0.7529411911964417,0.9366135001182556,0.931614339351654,0.8779444694519043
201,0.933920681476593,0.8184656500816345,10051,0.3051038980484009,0.8054101467132568,0.7823529243469238,0.9366135001182556,0.931614339351654,0.8843333125114441
202,0.933920681476593,0.8184656500816345,10101,0.30336689949035645,0.8054101467132568,0.7850678563117981,0.9366135001182556,0.931614339351654,0.8846666812896729
203,0.933920681476593,0.8184656500816345,10151,0.3039138913154602,0.8032286167144775,0.7864253520965576,0.9366135001182556,0.931614339351654,0.8845555782318115
204,0.933920681476593,0.8184656500816345,10201,0.30259960889816284,0.8036649227142334,0.7610859870910645,0.9366135001182556,0.931614339351654,0.8815000057220459
205,0.933920681476593,0.8184656500816345,10251,0.3020063638687134,0.8023560047149658,0.7728506922721863,0.9366135001182556,0.931614339351654,0.882777750492096
206,0.933920681476593,0.8184656500816345,10301,0.301539808511734,0.812390923500061,0.7846153974533081,0.9366135001182556,0.931614339351654,0.8855000138282776
207,0.933920681476593,0.8184656500816345,10351,0.3009677231311798,0.8132635354995728,0.7859728336334229,0.9366135001182556,0.931614339351654,0.8857777714729309
208,0.933920681476593,0.8184656500816345,10401,0.3019671142101288,0.8036649227142334,0.7886877655982971,0.9366135001182556,0.931614339351654,0.8848888874053955
209,0.933920681476593,0.8184656500816345,10451,0.3014862835407257,0.8080279231071472,0.7764706015586853,0.9366135001182556,0.931614339351654,0.8839444518089294
210,0.933920681476593,0.8184656500816345,10501,0.3039928078651428,0.7962478399276733,0.7547511458396912,0.9366135001182556,0.931614339351654,0.8797777891159058
211,0.933920681476593,0.8184656500816345,10551,0.3021177053451538,0.7953752279281616,0.7407239675521851,0.9366135001182556,0.931614339351654,0.8779444694519043
212,0.933920681476593,0.8184656500816345,10601,0.30100420117378235,0.8071553111076355,0.7941176295280457,0.9366135001182556,0.931614339351654,0.8859999775886536
213,0.933920681476593,0.8184656500816345,10651,0.29980000853538513,0.7984293103218079,0.7656108736991882,0.9366135001182556,0.931614339351654,0.8813889026641846
214,0.933920681476593,0.8184656500816345,10701,0.29891714453697205,0.8167539238929749,0.7733031511306763,0.9366135001182556,0.931614339351654,0.8846666812896729
215,0.933920681476593,0.8184656500816345,10751,0.3021523952484131,0.7918848395347595,0.7990950345993042,0.9366135001182556,0.931614339351654,0.8846666812896729
216,0.933920681476593,0.8184656500816345,10801,0.2978290617465973,0.804973840713501,0.7895927429199219,0.9366135001182556,0.931614339351654,0.8851666450500488
217,0.933920681476593,0.8184656500816345,10851,0.3022983968257904,0.7984293103218079,0.7583710551261902,0.9366135001182556,0.931614339351654,0.8805000185966492
218,0.933920681476593,0.8184656500816345,10901,0.2983708381652832,0.8062826991081238,0.7723981738090515,0.9366135001182556,0.931614339351654,0.883222222328186
219,0.933920681476593,0.8184656500816345,10951,0.29816460609436035,0.8102094531059265,0.774208128452301,0.9366135001182556,0.931614339351654,0.8839444518089294
220,0.933920681476593,0.8184656500816345,11001,0.29692813754081726,0.8045375347137451,0.7909502387046814,0.9366135001182556,0.931614339351654,0.8852777481079102
221,0.933920681476593,0.8184656500816345,11051,0.29731976985931396,0.7849040031433105,0.7809954881668091,0.9366135001182556,0.931614339351654,0.8815555572509766
222,0.933920681476593,0.8184656500816345,11101,0.29782775044441223,0.8106456995010376,0.7828054428100586,0.9366135001182556,0.931614339351654,0.8850555419921875
223,0.933920681476593,0.8184656500816345,11151,0.29877063632011414,0.8045375347137451,0.7538461685180664,0.9366135001182556,0.931614339351654,0.8807222247123718
224,0.933920681476593,0.8184656500816345,11201,0.3008931577205658,0.7910122275352478,0.7877827882766724,0.9366135001182556,0.931614339351654,0.8831666707992554
225,0.933920681476593,0.8184656500816345,11251,0.2992941439151764,0.7818499207496643,0.770135760307312,0.9366135001182556,0.931614339351654,0.8798333406448364
226,0.933920681476593,0.8184656500816345,11301,0.29643750190734863,0.7993019223213196,0.7728506922721863,0.9366135001182556,0.931614339351654,0.8823888897895813
227,0.933920681476593,0.8184656500816345,11351,0.2959853410720825,0.812390923500061,0.7909502387046814,0.9366135001182556,0.931614339351654,0.8862777948379517
228,0.933920681476593,0.8184656500816345,11401,0.2986305356025696,0.782722532749176,0.7692307829856873,0.9366135001182556,0.931614339351654,0.8798333406448364
229,0.933920681476593,0.8184656500816345,11451,0.2956978678703308,0.8045375347137451,0.7882353067398071,0.9366135001182556,0.931614339351654,0.8849444389343262
230,0.933920681476593,0.8184656500816345,11501,0.29498112201690674,0.8110820055007935,0.7972850799560547,0.9366135001182556,0.931614339351654,0.886888861656189
231,0.933920681476593,0.8184656500816345,11551,0.29522034525871277,0.8006108403205872,0.7873303294181824,0.9366135001182556,0.931614339351654,0.8843333125114441
232,0.933920681476593,0.8184656500816345,11601,0.29421883821487427,0.8150086998939514,0.8013574481010437,0.9366135001182556,0.931614339351654,0.8878889083862305
233,0.933920681476593,0.8184656500816345,11651,0.2940601110458374,0.8145724534988403,0.7846153974533081,0.9366135001182556,0.931614339351654,0.8857777714729309
234,0.933920681476593,0.8184656500816345,11701,0.29433557391166687,0.8102094531059265,0.7769230604171753,0.9366135001182556,0.931614339351654,0.8842777609825134
235,0.933920681476593,0.8184656500816345,11751,0.2934718430042267,0.8067190051078796,0.7886877655982971,0.9366135001182556,0.931614339351654,0.8852777481079102
236,0.933920681476593,0.8184656500816345,11801,0.29325541853904724,0.8041012287139893,0.7904977202415466,0.9366135001182556,0.931614339351654,0.8851666450500488
237,0.933920681476593,0.8184656500816345,11851,0.29404664039611816,0.8106456995010376,0.7900452613830566,0.9366135001182556,0.931614339351654,0.8859444260597229
238,0.933920681476593,0.8184656500816345,11901,0.29522940516471863,0.8045375347137451,0.7986425161361694,0.9366135001182556,0.931614339351654,0.886222243309021
239,0.933920681476593,0.8184656500816345,11951,0.2937985956668854,0.8110820055007935,0.7986425161361694,0.9366135001182556,0.931614339351654,0.8870555758476257
240,0.933920681476593,0.8184656500816345,12001,0.2938365638256073,0.8071553111076355,0.7977375388145447,0.9366135001182556,0.931614339351654,0.8864444494247437
241,0.933920681476593,0.8184656500816345,12051,0.29303643107414246,0.8106456995010376,0.7981900572776794,0.9366135001182556,0.931614339351654,0.8869444727897644
242,0.933920681476593,0.8184656500816345,12101,0.29438742995262146,0.8075916171073914,0.8045248985290527,0.9366135001182556,0.931614339351654,0.887333333492279
243,0.933920681476593,0.8184656500816345,12151,0.2919325530529022,0.8150086998939514,0.7932126522064209,0.9366135001182556,0.931614339351654,0.886888861656189
244,0.933920681476593,0.8184656500816345,12201,0.29137250781059265,0.8119546175003052,0.7977375388145447,0.9366135001182556,0.931614339351654,0.8870555758476257
245,0.933920681476593,0.8184656500816345,12251,0.2909679412841797,0.812390923500061,0.8018099665641785,0.9366135001182556,0.931614339351654,0.8876110911369324
246,0.933920681476593,0.8184656500816345,12301,0.29146671295166016,0.8171902298927307,0.8095022439956665,0.9366135001182556,0.931614339351654,0.8891666531562805
247,0.933920681476593,0.8184656500816345,12351,0.29071325063705444,0.8150086998939514,0.8104072213172913,0.9366135001182556,0.931614339351654,0.8889999985694885
248,0.933920681476593,0.8184656500816345,12401,0.2946029007434845,0.7927573919296265,0.7746606469154358,0.9366135001182556,0.931614339351654,0.8817777633666992
249,0.933920681476593,0.8184656500816345,12451,0.2906249165534973,0.8119546175003052,0.7923076748847961,0.9366135001182556,0.931614339351654,0.886388897895813
250,0.933920681476593,0.8184656500816345,12501,0.2898339331150055,0.8184991478919983,0.8090497851371765,0.9366135001182556,0.931614339351654,0.8892777562141418
251,0.933920681476593,0.8184656500816345,12551,0.2907595932483673,0.8206806182861328,0.7855203747749329,0.9366135001182556,0.931614339351654,0.8866666555404663
252,0.933920681476593,0.8184656500816345,12601,0.28956377506256104,0.8128272294998169,0.8022624254226685,0.9366135001182556,0.931614339351654,0.8877221941947937
253,0.933920681476593,0.8184656500816345,12651,0.2890200912952423,0.8219895362854004,0.8117647171020508,0.9366135001182556,0.931614339351654,0.8900555372238159
254,0.933920681476593,0.8184656500816345,12701,0.291471004486084,0.8211169242858887,0.7868778109550476,0.9366135001182556,0.931614339351654,0.886888861656189
255,0.933920681476593,0.8184656500816345,12751,0.2909972369670868,0.8115183115005493,0.8226244449615479,0.9366135001182556,0.931614339351654,0.8900555372238159
256,0.933920681476593,0.8184656500816345,12801,0.2881965935230255,0.8102094531059265,0.8176470398902893,0.9366135001182556,0.931614339351654,0.8892777562141418
257,0.933920681476593,0.8184656500816345,12851,0.28803253173828125,0.8054101467132568,0.8158370852470398,0.9366135001182556,0.931614339351654,0.8884444236755371
258,0.933920681476593,0.8184656500816345,12901,0.2872353792190552,0.8211169242858887,0.8244343996047974,0.9366135001182556,0.931614339351654,0.8914999961853027
259,0.933920681476593,0.8184656500816345,12951,0.2865142822265625,0.816317617893219,0.8176470398902893,0.9366135001182556,0.931614339351654,0.8900555372238159
260,0.933920681476593,0.8184656500816345,13001,0.2861546277999878,0.8215532302856445,0.8203619718551636,0.9366135001182556,0.931614339351654,0.8910555839538574
261,0.933920681476593,0.8184656500816345,13051,0.28776100277900696,0.8198080062866211,0.8140271306037903,0.9366135001182556,0.931614339351654,0.8900555372238159
262,0.933920681476593,0.8184656500816345,13101,0.28714731335639954,0.8180628418922424,0.8244343996047974,0.9366135001182556,0.931614339351654,0.8911111354827881
263,0.933920681476593,0.8184656500816345,13151,0.2865240275859833,0.820244312286377,0.8253393769264221,0.9366135001182556,0.931614339351654,0.8914999961853027
264,0.933920681476593,0.8184656500816345,13201,0.2848844528198242,0.820244312286377,0.8307692408561707,0.9366135001182556,0.931614339351654,0.8921666741371155
265,0.933920681476593,0.8184656500816345,13251,0.28439897298812866,0.8215532302856445,0.8253393769264221,0.9366135001182556,0.931614339351654,0.8916666507720947
266,0.933920681476593,0.8184656500816345,13301,0.28437021374702454,0.8193717002868652,0.8230769038200378,0.9366135001182556,0.931614339351654,0.8911111354827881
267,0.933920681476593,0.8184656500816345,13351,0.28512510657310486,0.812390923500061,0.8022624254226685,0.9366135001182556,0.931614339351654,0.887666642665863
268,0.933920681476593,0.8184656500816345,13401,0.2851606011390686,0.8158813118934631,0.8176470398902893,0.9366135001182556,0.931614339351654,0.8899999856948853
269,0.933920681476593,0.8184656500816345,13451,0.2836740016937256,0.8219895362854004,0.8180995583534241,0.9366135001182556,0.931614339351654,0.89083331823349
270,0.933920681476593,0.8184656500816345,13501,0.28379178047180176,0.820244312286377,0.8126696944236755,0.9366135001182556,0.931614339351654,0.8899444341659546
271,0.933920681476593,0.8184656500816345,13551,0.2859421968460083,0.8154450058937073,0.7809954881668091,0.9366135001182556,0.931614339351654,0.8854444622993469
272,0.933920681476593,0.8184656500816345,13601,0.2838192284107208,0.8189354538917542,0.804072380065918,0.9366135001182556,0.931614339351654,0.8887222409248352
273,0.933920681476593,0.8184656500816345,13651,0.28604409098625183,0.8023560047149658,0.7877827882766724,0.9366135001182556,0.931614339351654,0.8846111297607422
274,0.933920681476593,0.8184656500816345,13701,0.2823830544948578,0.823734700679779,0.8212669491767883,0.9366135001182556,0.931614339351654,0.8914444446563721
275,0.933920681476593,0.8184656500816345,13751,0.28252607583999634,0.8184991478919983,0.8153846263885498,0.9366135001182556,0.931614339351654,0.8900555372238159
276,0.933920681476593,0.8184656500816345,13801,0.2812606990337372,0.8263525366783142,0.8316742181777954,0.9366135001182556,0.931614339351654,0.8930555582046509
277,0.933920681476593,0.8184656500816345,13851,0.28214406967163086,0.8259162306785583,0.8104072213172913,0.9366135001182556,0.931614339351654,0.8903889060020447
278,0.933920681476593,0.8184656500816345,13901,0.2833887040615082,0.8150086998939514,0.8289592862129211,0.9366135001182556,0.931614339351654,0.8912777900695801
279,0.933920681476593,0.8184656500816345,13951,0.2809648811817169,0.823298454284668,0.8330316543579102,0.9366135001182556,0.931614339351654,0.8928333520889282
280,0.933920681476593,0.8184656500816345,14001,0.281846284866333,0.8241710066795349,0.8031674027442932,0.9366135001182556,0.931614339351654,0.8892777562141418
281,0.933920681476593,0.8184656500816345,14051,0.2835157513618469,0.7993019223213196,0.8235294222831726,0.9366135001182556,0.931614339351654,0.8886111378669739
282,0.933920681476593,0.8184656500816345,14101,0.28032708168029785,0.8141361474990845,0.8244343996047974,0.9366135001182556,0.931614339351654,0.8906111121177673
283,0.933920681476593,0.8184656500816345,14151,0.2797592282295227,0.8246073126792908,0.8303167223930359,0.9366135001182556,0.931614339351654,0.8926666378974915
284,0.933920681476593,0.8184656500816345,14201,0.2812206745147705,0.8280977606773376,0.7981900572776794,0.9366135001182556,0.931614339351654,0.8891666531562805
285,0.933920681476593,0.8184656500816345,14251,0.2821885645389557,0.8150086998939514,0.7895927429199219,0.9366135001182556,0.931614339351654,0.8864444494247437
286,0.933920681476593,0.8184656500816345,14301,0.28261104226112366,0.812390923500061,0.8398190140724182,0.9366135001182556,0.931614339351654,0.8922777771949768
287,0.933920681476593,0.8184656500816345,14351,0.27886679768562317,0.8267888426780701,0.8190045356750488,0.9366135001182556,0.931614339351654,0.8915555477142334
288,0.933920681476593,0.8184656500816345,14401,0.2786685824394226,0.8254799246788025,0.8199095129966736,0.9366135001182556,0.931614339351654,0.8914999961853027
289,0.933920681476593,0.8184656500816345,14451,0.28486141562461853,0.8032286167144775,0.8429864048957825,0.9366135001182556,0.931614339351654,0.8914999961853027
290,0.933920681476593,0.8184656500816345,14501,0.28263089060783386,0.8062826991081238,0.8425339460372925,0.9366135001182556,0.931614339351654,0.8918333053588867
291,0.933920681476593,0.8184656500816345,14551,0.2776419222354889,0.8254799246788025,0.8416289687156677,0.9366135001182556,0.931614339351654,0.8941666483879089
292,0.933920681476593,0.8184656500816345,14601,0.27961835265159607,0.8102094531059265,0.8285067677497864,0.9366135001182556,0.931614339351654,0.8906111121177673
293,0.933920681476593,0.8184656500816345,14651,0.2783905863761902,0.8193717002868652,0.8185520172119141,0.9366135001182556,0.931614339351654,0.8905555605888367
294,0.933920681476593,0.8184656500816345,14701,0.2768619954586029,0.8246073126792908,0.8402714729309082,0.9366135001182556,0.931614339351654,0.8938888907432556
295,0.933920681476593,0.8184656500816345,14751,0.2761625647544861,0.8246073126792908,0.837104082107544,0.9366135001182556,0.931614339351654,0.8934999704360962
296,0.933920681476593,0.8184656500816345,14801,0.2782456576824188,0.8054101467132568,0.8325791954994202,0.9366135001182556,0.931614339351654,0.890500009059906
297,0.933920681476593,0.8184656500816345,14851,0.2796327471733093,0.8110820055007935,0.8203619718551636,0.9366135001182556,0.931614339351654,0.8897222280502319
298,0.933920681476593,0.8184656500816345,14901,0.27717894315719604,0.8211169242858887,0.8095022439956665,0.9366135001182556,0.931614339351654,0.8896666765213013
299,0.933920681476593,0.8184656500816345,14951,0.2751210033893585,0.8280977606773376,0.8393664956092834,0.9366135001182556,0.931614339351654,0.8942221999168396
